StartChar: uni0332
Encoding: 818 818 155
Width: 0
Flags: W
HStem: -200 100<-600 2.84217e-014>
LayerCount: 3
Fore
Refer: 133 773 N 1 0 0 1 2.84217e-014 -900 2
Validated: 1
EndChar
